000000
000054
000074
000118
000165
000219
000265
000285
000326
000402
000450
000470
000490
000543
000574
000618
000666
000721
000772
000792
000826
000878
000931
000951
000990
001043
001074
001118
001166
001220
001242
001282
001326
001410
001450
001501
001534
001588
001618
001663
001698
001750
001782
001826
001866
001950
001990
002034
002085
002141
002188
002208
002242
002294
002326
002372
002410
002476
002495
002534
002582
002637
002687
002707
002742
002795
002826
002866
002911
002966
002990
003034
003074
003127
003159
003198
003242
003295
003326
003366
003410
003463
003490
003534
003581
003638
003658
003698
003742
003796
003826
003866
003910
003982
004004
004034
004074
004127
004181
004201
004242
004295
004326
004366
004417
004472
004492
004534
004574
004626
004677
004698
004742
004821
004866
004910
004950
005002
005034
005074
005118
005173
005198
005242
005282
005334
005366
005410
005450
005501
005534
005574
005618
005702
005752
005782
005826
005878
005932
005952
005990
006042
006074
006118
006168
006223
006273
006294
006326
006379
006433
006453
006490
006560
006579
006618
006663
006719
006775
006795
006826
006879
006928
006950
006990
007043
007096
007118
007158
007243
007282
007326
007373
007428
007450
007490
007534
007606
007626
007658
007698
007751
007782
007826
007873
007928
007977
007998
008034
008087
008118
008158
008203
008258
008307
008328
008366
008438
008458
008490
008534
008587
008618
008658
008698
008751
008784
008826
008873
008928
008954
008990
009034
009121
009158
009204
009242
009295
009326
009366
009413
009468
009518
009538
009574
009627
009678
009698
009742
009795
009847
009867
009910
009963
010016
010037
010074
010127
010182
010202
010242
010295
010326
010370
010410
010489
010542
010574
010618
010671
010726
010747
010782
010855
010877
010910
010950
011003
011037
011074
011118
011202
011242
011291
011326
011379
011410
011450
011490
011543
011596
011618
011658
011711
011762
011782
011826
011906
011926
011950
011990
012043
012096
012118
012158
012231
012252
012282
012326
012379
012431
012451
012490
012567
012606
012625
012658
012710
012742
012782
012832
012886
012937
012957
012990
013042
013074
013118
013158
013211
013266
013286
013326
013379
013410
013450
013490
013572
013591
013618
013658
013712
013742
013789
013826
013879
013910
013950
013990
014043
014074
014118
014163
014219
014247
014282
014326
014379
014410
014450
014498
014552
014574
014618
014663
014718
014742
014782
014828
014883
014910
014950
014990
015072
015092
015118
015158
015211
015263
015283
015326
015379
015410
015450
015490
015543
015597
015618
015658
015731
015781
015801
015826
015879
015910
015950
015990
016076
016127
016158
016198
016251
016283
016326
016366
016451
016502
016534
016574
016656
016676
016698
016742
016795
016847
016867
016910
016987
017006
017034
017074
017127
017158
017206
017242
017306
017326
017366
017410
017496
017534
017581
017618
017671
017700
017742
017787
017841
017868
017910
017950
018036
018074
018118
018167
018222
018272
018292
018326
018394
018446
018467
018490
018543
018592
018618
018658
018711
018742
018782
018826
018879
018910
018950
018997
019052
019074
019118
019158
019210
019242
019282
019328
019383
019432
019452
019490
019542
019574
019618
019667
019722
019772
019792
019826
019879
019910
019950
019990
020043
020074
020118
020167
020222
020246
020282
020326
020379
020410
020450
020490
020572
020591
020618
020658
020738
020759
020782
020826
020901
020952
020990
021034
021087
021118
021158
021203
021258
021282
021326
021366
021438
021458
021490
021534
021606
021630
021658
021698
021751
021802
021826
021866
021942
021962
021990
022034
022087
022118
022158
022198
022251
022302
022326
022366
022448
022498
022534
022574
022646
022665
022698
022742
022822
022871
022910
022950
023003
023034
023077
023118
023184
023205
023242
023282
023335
023366
023410
023458
023513
023534
023574
023618
023698
023752
023782
023826
023879
023910
023954
023990
024043
024075
024118
024158
024211
024242
024282
024328
024384
024410
024450
024490
024543
024574
024618
024667
024722
024742
024782
024827
024882
024932
024952
024990
025063
025112
025133
025158
025211
025242
025282
025326
025380
025410
025450
025494
025548
025574
025618
025667
025722
025772
025792
025826
025895
025946
025966
025990
026043
026091
026118
026158
026212
026262
026282
026326
026406
026425
026450
026490
026572
026591
026618
026658
026710
026742
026782
026826
026878
026910
026950
026997
027052
027074
027118
027166
027220
027271
027292
027326
027379
027431
027451
027490
027543
027574
027618
027667
027722
027768
027788
027826
027902
027921
027950
027990
028044
028096
028118
028158
028211
028261
028282
028326
028406
028456
028490
028534
028587
028640
028661
028698
028751
028802
028826
028866
028919
028967
028990
029034
029113
029162
029198
029242
029295
029326
029366
029410
029496
029545
029574
029618
029702
029752
029782
029826
029879
029931
029951
029990
030068
030117
030137
030158
030211
030242
030282
030326
030380
030410
030450
030494
030548
030574
030618
030667
030722
030772
030792
030826
030879
030931
030951
030990
031043
031074
031118
031158
031211
031265
031286
031326
031402
031421
031450
031490
031570
031591
031618
031658
031711
031742
031787
031826
031897
031954
031990
032034
032086
032118
032162
032198
032265
032316
032337
032366
032435
032455
032490
032534
032588
032618
032658
032703
032757
032782
032826
032866
032919
032951
032990
033037
033092
033142
033161
033198
033250
033282
033326
033366
033438
033487
033507
033534
033604
033651
033671
033698
033765
033783
033826
033866
033945
033964
033990
034034
034087
034141
034161
034198
034272
034291
034326
034366
034419
034450
034490
034534
034616
034638
034658
034698
034776
034795
034826
034866
034946
034965
034990
035034
035086
035136
035158
035198
035250
035282
035326
035366
035419
035473
035492
035534
035608
035658
035698
035742
035827
035866
035912
035950
036020
036038
036074
036118
036173
036198
036242
036282
036334
036366
036410
036450
036502
036534
036574
036618
036671
036727
036747
036782
036835
036884
036910
036950
037022
037043
037074
037118
037200
037242
037290
037326
037379
037410
037450
037490
037575
037618
037658
037698
037751
037782
037826
037866
037919
037971
037991
038034
038087
038137
038158
038198
038276
038327
038366
038410
038496
038534
038582
038618
038682
038732
038752
038782
038850
038901
038922
038950
039002
039050
039074
039118
039171
039198
039242
039282
039335
039379
039410
039450
039503
039534
039574
039621
039676
039726
039747
039782
039835
039866
039910
039950
040036
040074
040121
040158
040234
040279
040299
040326
040379
040433
040452
040490
040543
040597
040618
040658
040711
040742
040782
040826
040878
040933
040952
040990
041043
041096
041118
041158
041211
041242
041282
041326
041381
041410
041450
041490
041543
041596
041618
041658
041711
041743
041782
041828
041882
041930
041950
041990
042043
042075
042118
042158
042210
042242
042282
042326
042378
042410
042450
042490
042543
042595
042618
042658
042734
042778
042797
042826
042878
042910
042950
042990
043071
043090
043118
043158
043237
043256
043282
043326
043394
043439
043458
043490
043542
043591
043618
043658
043732
043751
043782
043826
043880
043910
043950
043990
044043
044095
044118
044158
044211
044261
044282
044326
044378
044410
044450
044496
044550
044576
044618
044662
044716
044745
044782
044826
044910
044950
044990
045034
045088
045118
045158
045203
045257
045282
045326
045375
045429
045450
045490
045534
045618
045658
045698
045742
045824
045844
045866
045910
045962
045991
046034
046080
046135
046175
046198
046242
046294
046326
046366
046410
046503
046534
046574
046622
046677
046725
046745
046782
046834
046866
046910
046950
047003
047055
047076
047118
047170
047198
047242
047290
047345
047396
047417
047450
047503
047556
047576
047618
047696
047745
047782
047826
047879
047931
047951
047990
048042
048074
048118
048166
048221
048270
048290
048326
048398
048455
048490
048534
048586
048618
048663
048698
048765
048785
048826
048866
048918
048950
048990
049034
049106
049126
049158
049198
049251
049282
049326
049366
049419
049450
049490
049534
049620
049667
049698
049742
049825
049846
049866
049910
049963
050016
050036
050074
050127
050158
050198
050245
050300
050344
050366
050410
050463
050492
050534
050574
050627
050680
050701
050742
050795
050826
050866
050911
050966
050993
051034
051074
051156
051175
051198
051242
051294
051348
051367
051410
051482
051501
051534
051574
051627
051658
051698
051742
051796
051845
051866
051910
051987
052006
052034
052074
052127
052159
052198
052242
052295
052346
052366
052410
052462
052490
052534
052574
052626
052675
052698
052742
052795
052826
052866
052910
052962
052990
053034
053080
053135
053186
053206
053242
053294
053326
053366
053412
053470
053521
053541
053574
053644
053662
053698
053742
053796
053826
053866
053910
053994
054034
054074
054121
054175
054226
054246
054282
054334
054366
054410
054455
054509
054534
054574
054618
054689
054741
054761
054782
054835
054866
054910
054950
055006
055056
055076
055118
055171
055221
055242
055282
055361
055379
055410
055450
055502
055534
055574
055618
055670
055721
055742
055782
055860
055880
055910
055950
056002
056034
056074
056120
056175
056201
056242
056282
056366
056414
056450
056490
056542
056596
056618
056658
056711
056762
056782
056826
056908
056957
056990
057034
057087
057118
057158
057202
057255
057282
057326
057366
057419
057470
057490
057534
057587
057641
057661
057698
057773
057821
057841
057866
057919
057950
057990
058037
058092
058141
058162
058202
058255
058282
058326
058366
058422
058457
058490
058534
058587
058618
058658
058706
058761
058812
058832
058866
058919
058950
058990
059034
059086
059118
059158
059202
059256
059282
059326
059366
059419
059450
059490
059537
059592
059618
059658
059702
059785
059837
059866
059910
059963
060016
060037
060074
060148
060201
060222
060242
060295
060326
060366
060410
060462
060490
060534
060582
060637
060687
060708
060742
060795
060826
060866
060910
060982
061004
061034
061074
061127
061158
061202
061242
061323
061371
061410
061450
061504
061551
061574
061618
061671
061726
061746
061782
061853
061906
061927
061950
062003
062051
062074
062118
062200
062221
062242
062282
062361
062410
062450
062490
062543
062574
062618
062659
062713
062742
062782
062832
062888
062913
062950
062990
063043
063074
063118
063158
063210
063242
063282
063327
063382
063410
063450
063490
063543
063597
063618
063658
063732
063783
063826
063871
063926
063969
063990
064034
064112
064160
064202
064242
064295
064326
064367
064410
064462
064490
064534
064574
064627
064675
064702
064742
064794
064826
064866
064910
064964
065016
065036
065074
065151
065170
065202
065243
065297
065327
065366
065410
065462
065516
065536
065574
065638
065686
065705
065742
065794
065845
065866
065910
065962
065990
066034
066082
066136
066186
066206
066242
066294
066326
066366
066411
066465
066490
066534
066574
066655
066706
066742
066782
066834
066866
066910
066957
067012
067034
067074
067122
067177
067202
067242
067282
067360
067381
067410
067450
067502
067534
067574
067618
067689
067741
067761
067782
067835
067866
067910
067950
068002
068034
068077
068118
068191
068209
068242
068282
068334
068366
068410
068450
068502
068534
068574
068618
068672
068722
068742
068782
068853
068895
068915
068950
069002
069056
069076
069118
069170
069221
069241
069282
069334
069366
069410
069450
069535
069574
069618
069665
069720
069745
069782
069826
069878
069910
069950
069990
070070
070090
070118
070158
070239
070259
070282
070326
070378
070410
070450
070490
070574
070593
070618
070658
070715
070770
070790
070826
070878
070910
070950
070990
071042
071074
071118
071158
071211
071242
071282
071326
071379
071431
071451
071490
071543
071596
071618
071658
071711
071760
071782
071826
071878
071910
071950
071990
072075
072118
072165
072202
072272
072294
072326
072366
072419
072450
072490
072534
072588
072618
072658
072702
072786
072836
072866
072910
072990
073034
073074
073118
073172
073202
073242
073286
073340
073366
073410
073464
073518
073537
073574
073618
073700
073751
073782
073826
073878
073931
073951
073990
074042
074074
074118
074167
074221
074270
074290
074326
074379
074410
074450
074490
074542
074574
074618
074658
074711
074748
074782
074826
074909
074961
074990
075034
075086
075118
075158
075202
075256
075294
075326
075366
075418
075451
075490
075534
075588
075618
075658
075702
075756
075782
075826
075866
075918
075971
075991
076034
076086
076118
076158
076202
076254
076282
076326
076375
076430
076480
076500
076534
076586
076618
076658
076702
076754
076782
076826
076872
076927
076975
076996
077034
077087
077137
077158
077202
077281
077332
077366
077410
077463
077490
077534
077582
077637
077687
077706
077742
077795
077846
077866
077910
077963
077990
078034
078074
078127
078181
078201
078242
078294
078326
078366
078410
078481
078502
078534
078574
078627
078657
078702
078750
078805
078826
078866
078911
078965
079009
079034
079074
079127
079158
079202
079252
079306
079357
079377
079410
079472
079491
079534
079574
079639
079691
079712
079742
079795
079826
079866
079910
079963
079992
080034
080074
080127
080176
080202
080242
080295
080326
080366
080413
080467
080490
080534
080574
080657
080677
080702
080742
080795
080826
080866
080910
080982
081002
081034
081074
081126
081158
081202
081246
081301
081352
081372
081410
081463
081516
081536
081574
081627
081677
081702
081742
081795
081847
081867
081910
081982
082032
082053
082074
082127
082177
082202
082242
082294
082326
082366
082410
082494
082534
082574
082618
082671
082726
082746
082782
082857
082876
082910
082950
083027
083046
083074
083118
083171
083221
083242
083282
083357
083376
083410
083450
083506
083561
083581
083618
083671
083722
083742
083782
083835
083886
083910
083950
084003
084056
084076
084118
084170
084202
084242
084286
084341
084366
084410
084450
084503
084556
084576
084618
084696
084747
084782
084826
084878
084910
084950
084989
085043
085076
085118
085163
085218
085265
085286
085326
085378
085410
085450
085496
085550
085600
085620
085658
085733
085754
085782
085826
085879
085931
085952
085990
086043
086096
086118
086158
086236
086255
086282
086326
086378
086410
086450
086496
086550
086594
086618
086658
086725
086742
086782
086826
086914
086961
086990
087034
087086
087118
087158
087202
087253
087282
087326
087371
087426
087453
087490
087534
087617
087653
087672
087702
087757
087809
087828
087866
087918
087950
087990
088034
088106
088124
088158
088202
088255
088281
088326
088377
088431
088469
088490
088534
088612
088631
088658
088702
088755
088784
088826
088873
088928
088977
088997
089034
089087
089137
089157
089202
089277
089297
089326
089366
089446
089465
089490
089533
089587
089618
089658
089702
089785
089826
089872
089910
089963
089990
090034
090074
090127
090158
090202
090248
090303
090352
090372
090410
090463
090511
090534
090574
090628
090677
090702
090742
090795
090843
090866
090910
090976
091025
091046
091074
091144
091185
091204
091242
091294
091347
091367
091410
091462
091490
091534
091582
091637
091689
091709
091742
091796
091848
091868
091910
091983
092025
092045
092074
092127
092179
092202
092242
092294
092326
092369
092410
092483
092502
092534
092574
092627
092681
092702
092742
092814
092854
092873
092909
092963
093011
093034
093074
093127
093158
093203
093242
093295
093347
093367
093410
093479
093499
093534
093574
093627
093681
093702
093742
093813
093862
093882
093910
093963
094011
094034
094074
094128
094176
094202
094242
094295
094343
094366
094410
094463
094491
094534
094574
094638
094659
094702
094748
094802
094826
094866
094910
094962
094989
095034
095081
095136
095158
095202
095242
095294
095326
095366
095410
095481
095532
095552
095574
095628
095677
095702
095741
095794
095826
095865
095910
095996
096034
096081
096118
096188
096211
096242
096282
096335
096386
096410
096450
096536
096587
096618
096658
096726
096777
096797
096826
096879
096931
096951
096990
097043
097096
097118
097158
097231
097286
097326
097366
097419
097471
097492
097534
097587
097641
097661
097702
097755
097782
097826
097875
097930
097950
097990
098034
098106
098126
098158
098202
098255
098282
098326
098375
098430
098479
098500
098534
098587
098641
098661
098702
098776
098796
098826
098866
098921
098950
098990
099049
099104
099143
099163
099202
099255
099306
099326
099365
099419
099471
099492
099534
099612
099631
099658
099701
099755
099807
099827
099866
099919
099950
099990
100034
100121
100172
100202
100242
100295
100326
100366
100413
100468
100517
100537
100574
100627
100658
100702
100742
100813
100861
100881
100910
100979
101000
101034
101074
101127
101158
101202
101252
101306
101326
101366
101412
101466
101490
101534
101582
101638
101687
101708
101742
101810
101830
101866
101910
101963
101992
102034
102074
102129
102181
102202
102242
102313
102362
102382
102410
102463
102490
102534
102574
102627
102658
102702
102747
102801
102852
102872
102910
102963
103011
103034
103074
103127
103157
103202
103252
103307
103357
103378
103410
103477
103504
103534
103574
103639
103662
103702
103742
103796
103826
103866
103910
103963
103996
104034
104073
104127
104177
104201
104242
104321
104340
104366
104409
104463
104490
104534
104574
104638
104663
104702
104742
104794
104826
104869
104910
104987
105006
105034
105073
105127
105160
105202
105248
105303
105327
105366
105410
105491
105542
105574
105618
105702
105749
105782
105826
105906
105956
105990
106034
106105
106124
106158
106201
106255
106282
106326
106366
106419
106450
106490
106536
106590
106618
106658
106702
106771
106791
106826
106866
106919
106950
106990
107034
107106
107125
107158
107201
107254
107306
107327
107366
107442
107492
107534
107574
107627
107658
107702
107742
107795
107826
107866
107910
107963
107989
108034
108074
108127
108177
108202
108242
108295
108326
108366
108411
108466
108517
108537
108574
108640
108692
108712
108742
108795
108843
108865
108910
108990
109034
109082
109118
109181
109201
109242
109282
109334
109366
109410
109456
109510
109534
109574
109618
109701
109750
109782
109826
109877
109910
109950
109997
110052
110074
110118
110164
110219
110243
110282
110326
110378
110410
110450
110490
110542
110574
110618
110666
110721
110769
110789
110826
110878
110910
110954
110989
111042
111074
111118
111168
111222
111269
111289
111326
111378
111410
111450
111490
111543
111590
111618
111658
111711
111742
111786
111826
111897
111916
111950
111990
112043
112074
112118
112162
112216
112265
112285
112326
112379
112410
112450
112490
112575
112618
112658
112705
112759
112811
112831
112866
112918
112971
112991
113034
113087
113140
113160
113202
113254
113306
113326
113366
113418
113475
113495
113534
113586
113618
113658
113706
113761
113810
113830
113866
113934
113954
113990
114034
114086
114118
114158
114203
114257
114282
114326
114366
114418
114467
114490
114534
114586
114640
114660
114702
114782
114826
114866
114910
114965
114992
115034
115074
115126
115180
115202
115242
115321
115369
115410
115450
115503
115551
115574
115618
115671
115702
115742
115782
115834
115885
115910
115950
116002
116034
116074
116122
116176
116202
116242
116282
116334
116366
116410
116450
116535
116574
116618
116658
116729
116781
116801
116826
116878
116926
116950
116990
117067
117086
117118
117158
117210
117242
117282
117326
117378
117410
117450
117495
117550
117601
117621
117658
117728
117776
117795
117826
117878
117931
117951
117990
118067
118110
118130
118158
118210
118242
118282
118327
118382
118410
118450
118496
118551
118601
118621
118658
118732
118751
118782
118826
118879
118910
118950
118990
119075
119118
119166
119202
119273
119322
119341
119366
119419
119450
119490
119534
119621
119658
119706
119742
119795
119826
119866
119910
119962
119990
120034
120080
120135
120186
120207
120242
120295
120326
120367
120410
120487
120506
120534
120574
120630
120681
120702
120741
120794
120826
120866
120911
120966
121015
121035
121074
121126
121158
121202
121242
121318
121349
121368
121410
121463
121510
121534
121574
121627
121658
121703
121742
121795
121846
121866
121910
121962
121989
122034
122081
122136
122185
122205
122242
122313
122334
122366
122409
122462
122489
122533
122574
122627
122658
122702
122742
122795
122826
122866
122910
122996
123034
123081
123118
123171
123222
123242
123282
123358
123379
123410
123450
123506
123533
123574
123618
123672
123722
123743
123782
123835
123887
123910
123950
124022
124072
124093
124117
124171
124222
124242
124282
124357
124376
124410
124450
124502
124534
124574
124618
124700
124720
124742
124782
124861
124910
124950
124990
125042
125090
125118
125158
125211
125260
125282
125325
125378
125410
125449
125490
125562
125581
125618
125658
125710
125742
125782
125826
125878
125911
125950
125990
126042
126091
126118
126158
126210
126242
126289
126326
126395
126436
126455
126490
126542
126574
126618
126663
126717
126742
126782
126827
126881
126910
126950
126990
127042
127074
127118
127163
127217
127242
127281
127326
127410
127450
127498
127533
127586
127618
127664
127702
127770
127789
127826
127865
127918
127951
127990
128034
128089
128139
128159
128202
128278
128323
128342
128366
128418
128482
128503
128534
128586
128618
128662
128702
128779
128797
128826
128866
128946
128988
129008
129034
129086
129136
129158
129202
129254
129308
129327
129365
129418
129450
129493
129534
129586
129618
129663
129702
129769
129810
129829
129866
129918
129950
129993
130034
130104
130122
130158
130202
130255
130302
130325
130365
130418
130450
130490
130537
130592
130618
130658
130702
130786
130833
130866
130910
130963
131017
131037
131074
131126
131158
131202
131250
131305
131353
131373
131409
131463
131514
131533
131573
131627
131678
131702
131742
131818
131868
131910
131950
132002
132052
132074
132118
132171
132202
132242
132289
132343
132366
132410
132450
132502
132534
132574
132618
132693
132740
132761
132782
132834
132866
132910
132950
133034
133074
133118
133158
133213
133243
133282
133326
