000268
000308
000335
000367
000402
000443
000467
000502
000534
000573
000602
000634
000666
000705
000734
000766
000802
000843
000866
000902
000934
000973
001002
001034
001066
001105
001134
001166
001202
001243
001266
001302
001334
001372
001402
001434
001466
001505
001534
001566
001602
001643
001666
001702
001734
001773
001802
001834
001866
001905
001934
001966
002002
002043
002066
002102
002134
002173
002202
002234
002266
002304
002334
002367
002402
002443
002467
002502
002534
002573
002602
002634
002666
002705
002734
002766
002802
002843
002866
002902
002934
002973
003002
003034
003066
003105
003134
003166
003202
003242
003266
003302
003334
003373
003402
003434
003466
003505
003534
003566
003602
003643
003666
003702
003734
003773
003802
003834
003866
003905
003934
003966
004002
004043
004066
004102
004134
004173
004202
004234
004266
004304
004334
004366
004402
004443
004466
004502
004534
004573
004602
004634
004666
004705
004734
004766
004802
004843
004866
004902
004934
004973
005002
005034
005066
005104
005134
005166
005202
005243
005266
005302
005334
005372
005402
005434
005466
005506
005534
005566
005598
005638
005666
005702
005734
005772
005802
005834
005866
005905
005934
005966
006002
006043
006066
006102
006134
006173
006202
006234
006266
006305
006334
006366
006402
006443
006466
006502
006534
006573
006602
006634
006666
006705
006734
006766
006802
006843
006866
006902
006934
006973
007002
007034
007066
007104
007134
007166
007202
007243
007266
007302
007334
007373
007402
007434
007466
007505
007534
007566
007602
007643
007666
007702
007734
007773
007802
007834
007866
007905
007934
007966
008002
008043
008066
008102
008134
008173
008202
008234
008266
008305
008334
008366
008402
008443
008466
008502
008534
008573
008602
008634
008666
008705
008734
008766
008802
008865
008870
008902
008934
008973
009002
009034
009066
009105
009134
009166
009202
009243
009266
009302
009334
009373
009402
009434
009466
009505
009534
009566
009602
009643
009666
009698
009729
009769
009798
009830
009866
009905
009934
009966
010002
010043
010066
010102
010134
010173
010202
010234
010266
010305
010334
010366
010402
010443
010466
010502
010534
010573
010602
010634
010666
010705
010734
010766
010802
010843
010866
010902
010934
010974
011002
011034
011066
011104
011134
011166
011202
011243
011266
011302
011334
011372
011402
011434
011466
011505
011534
011566
011602
011643
011666
011702
011734
011773
011802
011834
011866
011905
011934
011966
012002
012042
012066
012102
012134
012173
012202
012234
012266
012305
012334
012367
012404
012443
012466
012502
012534
012573
012602
012634
012666
012704
012734
012766
012802
012844
012866
012902
012934
012973
013002
013034
013066
013105
013134
013166
013202
013243
013266
013302
013334
013373
013402
013434
013466
013505
013534
013566
013602
013643
013666
013702
013734
013773
013802
013834
013866
013905
013934
013966
014002
014042
014066
014102
014134
014173
014202
014234
014266
014304
014334
014366
014402
014443
014466
014502
014533
014573
014602
014634
014666
014705
014734
014766
014802
014843
014866
014902
014934
014973
014998
015034
015066
015105
015134
015166
015198
015239
015266
015297
015329
015368
015398
015433
015466
015504
015534
015566
015602
015643
015666
015702
015734
015773
015802
015834
015866
015904
015934
015966
016001
016043
016066
016102
016134
016173
016202
016234
016265
016304
016334
016370
016402
016443
016466
016502
016534
016572
016597
016633
016666
016704
016734
016766
016802
016843
016866
016902
016934
016973
017002
017034
017066
017106
017134
017166
017202
017243
017265
017302
017334
017373
017402
017434
017466
017504
017534
017566
017602
017643
017665
017702
017734
017772
017802
017834
017866
017905
017934
017966
018002
018043
018066
018102
018134
018173
018203
018234
018266
018305
018334
018366
018402
018443
018466
018502
018534
018573
018602
018634
018666
018705
018734
018766
018802
018843
018866
018902
018934
018972
019002
019034
019066
019105
019134
019170
019201
019242
019266
019301
019334
019373
019402
019434
019466
019505
019534
019566
019602
019642
019665
019702
019734
019772
019802
019833
019866
019905
019934
019965
019997
020038
020065
020097
020133
020173
020202
020233
020266
020305
020334
020366
020401
020443
020466
020502
020534
020573
020602
020634
020665
020705
020734
020766
020802
020843
020866
020902
020934
020973
021002
021034
021066
021105
021134
021166
021201
021243
021266
021302
021334
021373
021402
021434
021466
021505
021533
021566
021602
021643
021666
021702
021734
021773
021802
021834
021865
021906
021933
021966
022002
022043
022066
022102
022134
022173
022198
022233
022266
022304
022333
022365
022401
022443
022466
022503
022536
022575
022603
022636
022666
022705
022734
022770
022802
022843
022866
022902
022934
022973
023002
023034
023066
023105
023134
023170
023202
023243
023266
023302
023334
023373
023401
023434
023466
023505
023534
023566
023602
023643
023666
023701
023733
023773
023802
023834
023866
023905
023933
023966
024001
024043
024066
024102
024134
024172
024202
024233
024266
024305
024334
024365
024402
024443
024466
024502
024534
024573
024602
024634
024666
024704
024734
024770
024802
024843
024865
024902
024934
024973
025002
025033
025066
025105
025134
025166
025202
025243
025266
025302
025334
025373
025402
025433
025466
025505
025533
025566
025602
025642
025665
025697
025729
025769
025798
025833
025866
025905
025933
025970
026002
026043
026066
026102
026134
026173
026201
026234
026266
026305
026334
026369
026402
026443
026470
026502
026533
026574
026601
026633
026666
026705
026734
026769
026802
026843
026865
026901
026934
026973
027001
027033
027066
027105
027134
027169
027202
027243
027265
027301
027334
027372
027402
027434
027465
027505
027534
027570
027602
027643
027666
027702
027733
027774
027802
027834
027866
027904
027934
027970
028002
028043
028066
028102
028134
028173
028201
028233
028265
028305
028333
028365
028402
028442
028466
028502
028534
028572
028602
028633
028665
028706
028733
028766
028802
028843
028884
028901
028934
028973
029002
029034
029066
029105
029134
029169
029202
029243
029266
029301
029334
029373
029401
029434
029466
029505
029533
029566
029602
029642
029666
029701
029733
029773
029801
029833
029865
029905
029933
029966
030001
030042
030066
030102
030133
030173
030201
030233
030265
030305
030333
030366
030402
030443
030466
030501
030533
030573
030602
030633
030666
030704
030733
030765
030801
030843
030865
030902
030934
030973
031002
031034
031065
031105
031133
031170
031201
031243
031265
031301
031333
031373
031402
031433
031466
031505
031534
031570
031601
031642
031665
031701
031734
031773
031801
031833
031865
031905
031933
031965
032002
032042
032065
032101
032133
032171
032201
032234
032265
032304
032335
032367
032403
032444
032467
032502
032534
032573
032602
032634
032665
032705
032733
032765
032802
032843
032866
032902
032934
032973
033001
033034
033065
033105
033133
033165
033201
033243
033265
033301
033333
033373
033401
033433
033465
033505
033534
033566
033602
033643
033665
033701
033733
033773
033802
033833
033865
033905
033934
033969
034002
034043
034065
034102
034134
034173
034201
034233
034266
034305
034333
034366
034401
034443
034465
034501
034533
034573
034601
034633
034666
034705
034733
034765
034801
034843
034865
034901
034933
034973
035001
035034
035066
035105
035134
035165
035201
035243
035265
035301
035333
035373
035401
035433
035465
035505
035534
035565
035601
035643
035665
035702
035733
035773
035802
035833
035866
035905
035933
035970
036002
036043
036070
036102
036134
036173
036202
036233
036265
036305
036334
036365
036401
036443
036465
036501
036533
036573
036601
036633
036665
036705
036733
036765
036801
036842
036865
036902
036933
036973
037002
037033
037065
037105
037133
037166
037201
037243
037266
037302
037334
037373
037401
037433
037469
037509
037534
037569
037601
037643
037669
037702
037733
037773
037801
037833
037865
037905
037933
037965
038001
038043
038065
038102
038133
038173
038201
038233
038266
038305
038333
038365
038401
038443
038466
038501
038533
038573
038601
038633
038665
038705
038733
038766
038801
038843
038866
038902
038934
038973
039001
039034
039069
039109
039134
039169
039201
039243
039270
039301
039334
039373
039402
039434
039470
039509
039534
039569
039602
039644
039670
039702
039733
039774
039801
039833
039869
039910
039933
039965
040001
040044
040066
040101
040134
040173
040201
040233
040265
040305
040333
040369
040401
040443
040470
040501
040533
040573
040601
040633
040670
040709
040733
040769
040801
040843
040869
040901
040934
040974
041002
041034
041070
041109
041133
041169
041202
041243
041269
041301
041334
041373
041402
041433
041469
041509
041533
041569
041601
041643
041669
041701
041733
041773
041801
041833
041869
041909
041933
041969
042001
042043
042069
042101
042133
042173
042201
042233
042265
042305
042335
042371
042403
042444
042470
042502
042534
042573
042602
042633
042669
042709
042733
042769
042801
042843
042869
042902
042933
042973
043001
043034
043070
043109
043133
043169
043201
043243
043269
043301
043333
043373
043401
043433
043469
043509
043533
043570
043601
043643
043669
043701
043733
043773
043801
043834
043870
043909
043933
043969
044001
044043
044069
044101
044133
044173
044197
044233
044265
044303
044333
044370
044401
044443
044469
044502
044533
044573
044601
044633
044670
044709
044733
044770
044801
044843
044870
044901
044933
044973
045001
045033
045070
045109
045133
045169
045201
045243
045269
045301
045334
045373
045401
045433
045469
045509
045533
045569
045601
045643
045665
045697
045733
045771
045801
045833
045866
045906
045934
045969
046001
046043
046069
046101
046134
046173
046202
046233
046269
046309
046333
046369
046639
046679
046683
046687
046692
046731
046735
046769
046801
046844
046869
046901
046933
046973
047002
047034
047069
047109
047133
047169
047201
047243
047269
047301
047333
047373
047401
047434
047469
047509
047533
047569
047601
047643
047669
047701
047733
047773
047801
047834
047869
047909
047933
047969
048002
048043
048069
048101
048134
048173
048201
048234
048270
048310
048333
048369
048401
048443
048469
048501
048533
048573
048601
048633
048669
048709
048733
048769
048801
048843
048869
048901
048933
048973
049001
049033
049069
049109
049133
049169
049201
049244
049269
049301
049333
049373
049401
049433
049469
049509
049533
049569
049601
049639
049669
049702
049733
049772
049801
049833
049869
049909
049933
049969
050001
050043
050069
050101
050133
050173
050201
050234
050269
050309
050333
050369
050401
050443
050469
050501
050533
050573
050601
050633
050669
050709
050733
050769
050802
050843
050869
050901
050933
050973
051001
051033
051069
051109
051133
051169
051201
051239
051269
051301
051333
051371
051401
051434
051469
051509
051533
051569
051601
051643
051669
051702
051733
051774
051801
051833
051869
051909
051933
051969
052001
052043
052069
052101
052133
052173
052201
052233
052269
052309
052333
052369
052401
052441
052469
052502
052534
052574
052602
052633
052670
052709
052733
052769
052801
052840
052869
052901
052937
052977
053001
053037
053069
053109
053137
053169
053201
053244
053269
053301
053337
053377
053401
053437
053469
053509
053537
053569
053601
053640
053669
053701
053737
053777
053804
053838
053869
053909
053937
053969
054001
054043
054069
054101
054138
054177
054201
054237
054269
054309
054337
054369
054402
054443
054469
054501
054537
054577
054601
054637
054669
054709
054738
054769
054801
054843
054869
054901
054937
054975
055001
055038
055069
055109
055137
055169
055201
055243
055269
055301
055337
055377
055401
055437
055469
055509
055537
055569
055601
055643
055669
055701
055734
055773
055801
055838
055869
055908
055937
055969
056001
056043
056069
056102
056137
056178
056201
056237
056269
056309
056337
056369
056401
056443
056469
056501
056533
056573
056601
056638
056669
056710
056733
056769
056802
056843
056869
056901
056933
056973
057001
057033
057069
057109
057133
057169
057201
057240
057269
057301
057334
057373
057401
057437
057469
057509
057533
057569
057601
057643
057669
057701
057733
057773
057801
057833
057869
057907
057933
057969
058001
058043
058069
058101
058133
058173
058201
058233
058269
058307
058333
058369
058401
058443
058469
058501
058533
058573
058601
058633
058669
058709
058733
058769
058801
058839
058869
058901
059129
059167
059171
059175
059180
059219
059233
059269
059301
059339
059369
059401
059433
059471
059501
059533
059569
059610
059633
059669
059701
059743
059769
059803
059833
059871
059901
059933
059969
060006
060033
060069
060101
060143
060169
060201
060233
060273
060301
060333
060369
060408
060433
060469
060501
060543
060569
060601
060633
060670
060701
060733
060769
060807
060837
060869
060901
060943
060969
061002
061037
061078
061101
061133
061169
061209
061233
061269
061301
061343
061369
061401
061433
061471
061501
061533
061569
061609
061633
061669
061701
061743
061769
061801
061833
061873
061901
061933
061969
062009
062033
062069
062101
062139
062169
062201
062233
062273
062301
062333
062369
062407
062433
062469
062501
062545
062569
062601
062637
062677
062701
062733
062769
062809
062837
062869
062901
062943
062969
063001
063037
063077
063101
063133
063169
063208
063233
063269
063301
063340
063369
063401
063433
063473
063501
063533
063569
063610
063633
063669
063701
063744
063769
063801
063837
063876
063901
064210
064215
064255
064261
064265
064270
064309
064337
064369
064401
064443
064469
064501
064537
064575
064601
064637
064669
064709
064737
064769
064801
064843
064869
064901
064937
064977
065001
065037
065069
065108
065137
065169
065201
065243
065269
065301
065337
065375
065401
065437
065469
065509
065537
065569
065601
065639
065669
065701
065733
065772
065801
065833
065869
065909
065933
065969
066000
066040
066069
066101
066133
066174
066201
066233
066269
066307
066333
066369
066401
066443
066469
066501
066533
066571
066601
066633
066669
066709
066733
066769
066801
066839
066869
066901
066933
066971
067001
067033
067069
067108
067133
067169
067201
067240
067269
067301
067333
067371
067401
067433
067469
067509
067533
067569
067601
067639
067669
067701
067734
067773
067801
067833
067869
067907
067933
067969
068001
068043
068069
068101
068137
068175
068201
068237
068269
068307
068337
068369
068401
068439
068469
068501
068537
068577
068601
068637
068669
068708
068738
068769
068801
068843
068869
068901
068933
069263
069268
069272
069276
069315
069333
069369
069401
069443
069469
069501
069533
069572
069601
069633
069669
069707
069733
069769
069801
069838
069869
069901
069933
069971
070001
070033
070069
070107
070133
070169
070201
070244
070269
070301
070333
070371
070401
070433
070469
070507
070533
070569
070601
070643
070669
070701
070733
070771
070801
070833
070869
070909
070933
070970
071001
071039
071069
071101
071133
071173
071201
071233
071269
071309
071333
071369
071401
071443
071469
071501
071533
071571
071601
071637
071669
071707
071733
071769
071801
071839
071869
071901
071933
071972
072001
072037
072069
072109
072133
072169
072201
072239
072269
072301
072332
072371
072401
072440
072470
072513
072533
072570
072601
072643
072669
072701
072733
072771
072801
072833
072869
072909
072933
072969
073001
073043
073069
073101
073133
073172
073201
073237
073269
073310
073333
073369
073401
073440
073469
073501
073537
073575
073601
073637
073669
073709
073737
073769
073801
073843
073869
073901
073937
074065
074069
074073
074078
074117
074137
074169
074201
074239
074269
074301
074337
074377
074401
074437
074469
074510
074533
074569
074601
074639
074669
074701
074733
074771
074801
074837
074869
074906
074933
074969
075001
075039
075069
075101
075133
075172
075201
075237
075269
075307
075333
075369
075401
075443
075469
075501
075533
075573
075601
075637
075669
075707
075733
075769
075801
075839
075869
075901
075933
075971
076001
076033
076069
076107
076133
076169
076201
076239
076269
076301
076333
076371
076401
076433
076468
076507
076533
076569
076601
076639
076669
076701
076733
076771
076801
076833
076869
076907
076933
076969
077001
077043
077069
077101
077133
077172
077201
077233
077269
077307
077333
077369
077402
077443
077469
077501
077533
077573
077600
077633
077664
077703
077733
077765
077801
077839
077865
077900
077933
077971
078001
078033
078064
078103
078132
078165
078201
078239
078269
078301
078333
078371
078401
078433
078469
078507
078533
078569
078601
078639
078669
078701
078733
078771
078800
078833
078869
078907
078933
078969
079001
079038
079069
079101
079133
079171
079201
079233
079269
079307
079333
079369
079401
079439
079469
079501
079533
079573
079601
079632
079669
079707
079733
079769
079801
079839
079868
079901
079932
079971
080001
080033
080069
080107
080133
080169
080201
080239
080269
080301
080333
080371
080401
080436
080469
080509
080537
080569
080601
080638
080669
080701
080737
080776
080801
080837
080869
080908
080937
080969
081001
081039
081069
081101
081137
081177
081201
081237
081269
081307
081337
081369
081401
081440
081469
081501
081533
081571
081601
081633
081669
081709
081733
081769
081800
081839
081869
081900
081933
081971
082001
082033
082069
082107
082132
082169
082201
082239
082269
082301
082332
082370
082404
082439
082471
082512
082533
082569
082601
082639
082669
082701
082733
082771
082801
082837
082869
082907
082933
082969
083001
083043
083069
083101
083137
083175
083201
083237
083269
083307
083337
083369
083401
083439
083469
083501
083537
083577
083601
083637
083669
083709
083737
083769
083801
083839
083868
083901
083933
083972
084001
084033
084069
084107
084133
084169
084201
084239
084269
084301
084333
084371
084401
084432
084468
084507
084532
084564
084596
084634
084664
084701
084733
084773
084801
084833
084868
084907
084933
084968
085001
085043
085070
085101
085133
085171
085201
085236
085269
085308
085333
085369
085401
085443
085469
085501
085536
085575
085600
085637
085669
085709
085737
085769
085801
085844
085869
085901
085937
085975
086001
086037
086069
086109
086137
086169
086201
086243
086269
086301
086337
086375
086401
086437
086469
086508
086537
086568
086601
086643
086669
086701
086737
086777
086801
086836
086869
086907
086937
086969
087001
087039
087069
087101
087137
087176
087204
087237
087269
087307
087337
087368
087401
087443
087469
087501
087537
087575
087601
087637
087669
087707
087737
087769
087801
087839
087869
087901
087937
087976
088001
088037
088069
088109
088137
088169
088201
088244
088269
088300
088337
088377
088400
088436
088469
088507
088537
088569
088600
088639
088668
088700
088737
088775
088801
088837
088869
088907
088937
088969
089718
089757
089761
089766
089770
089809
089813
089836
089869
089907
089933
089968
090001
090043
090068
090100
090133
090172
090200
090236
090269
090307
090333
090368
090400
090439
090469
090500
090533
090571
090601
090636
090669
090707
090732
090769
090801
090839
090869
090900
090932
090971
091000
091037
091069
091107
091137
091169
091201
091243
091269
091301
091336
091375
091400
091433
091469
091507
091533
091568
091600
091639
091668
091700
091732
091771
091800
091833
091869
091907
091933
091969
092000
092039
092069
092101
092133
092173
092200
092232
092269
092307
092332
092371
092403
092444
092470
092501
092533
092573
092601
092632
092669
092708
092732
092768
092800
092839
092868
092900
092933
092971
093000
093032
093068
093107
093132
093168
093201
093243
093268
093300
093332
093371
093401
093436
093469
093506
093536
093568
093601
093639
093668
093700
093737
093775
093801
093837
093868
093907
093937
093969
094008
094047
094068
094100
094136
094175
094200
094236
094269
094309
094337
094369
094401
094440
094468
094500
094536
094575
094601
094637
094669
094707
094736
094768
094800
094839
094869
094900
094937
