000000
000055
000084
000128
000168
000221
000252
000292
000336
000413
000460
000480
000500
000553
000584
000628
000669
000739
000758
000792
000836
000889
000939
000960
001000
001076
001124
001144
001168
001221
001252
001292
001337
001418
001468
001500
001544
001597
001649
001669
001712
001789
001808
001836
001876
001954
002003
002044
002084
002167
002214
002252
002292
002345
002378
002420
002468
002522
002544
002584
002628
002683
002712
002752
002792
002845
002876
002920
002969
003023
003044
003085
003130
003185
003212
003252
003292
003367
003419
003439
003460
003513
003544
003584
003628
003682
003712
003752
003792
003845
003876
003920
003960
004013
004068
004088
004128
004181
004213
004260
004292
004359
004379
004420
004460
004513
004544
004585
004630
004685
004712
004752
004792
004845
004877
004921
004960
005030
005058
005084
005128
005209
005229
005252
005292
005375
005424
005460
005500
005552
005584
005628
005674
005728
005752
005792
005836
005891
005921
005960
006006
006059
006084
006128
006169
006253
006293
006340
006376
006429
006460
006500
006544
006598
006628
006668
006712
006766
006792
006836
006876
006929
006961
007000
007044
007099
007149
007169
007212
007265
007315
007336
007376
007428
007467
007501
007544
007596
007649
007669
007712
007764
007792
007836
007877
007955
007974
008000
008044
008097
008149
008169
008212
008265
008292
008336
008377
008459
008479
008500
008544
008598
008649
008670
008712
008765
008819
008839
008877
008952
008972
009000
009044
009097
009128
009168
009212
009265
009292
009336
009376
009429
009479
009500
009544
009619
009669
009712
009753
009838
009877
009920
009960
010013
010044
010085
010130
010185
010234
010255
010292
010345
010377
010421
010460
010528
010579
010599
010628
010681
010713
010756
010792
010845
010877
010921
010960
011013
011064
011084
011128
011181
011233
011253
011292
011345
011377
011421
011461
011540
011559
011585
011628
011711
011731
011752
011792
011844
011876
011921
011969
012024
012074
012094
012128
012181
012234
012253
012292
012345
012377
012421
012460
012512
012544
012585
012630
012684
012734
012754
012792
012844
012876
012920
012960
013013
013044
013084
013128
013181
013212
013252
013292
013345
013376
013420
013465
013520
013545
013587
013628
013680
013712
013752
013792
013845
013895
013921
013960
014013
014045
014090
014128
014202
014250
014270
014292
014363
014406
014425
014460
014528
014546
014584
014628
014681
014712
014752
014792
014844
014876
014920
014965
015019
015074
015094
015128
015181
015212
015252
015292
015345
015376
015421
015460
015513
015563
015584
015628
015680
015712
015752
015792
015844
015877
015921
015960
016013
016046
016085
016131
016184
016230
016253
016292
016346
016395
016421
016460
016513
016545
016590
016629
016705
016753
016792
016836
016889
016920
016961
017008
017062
017113
017133
017168
017221
017273
017293
017336
017389
017439
017460
017501
017588
017629
017675
017712
017782
017833
017854
017876
017929
017961
018000
018045
018099
018128
018169
018213
018265
018314
018336
018377
018455
018504
018544
018584
018637
018688
018712
018753
018829
018880
018920
018960
019014
019064
019084
019128
019181
019233
019253
019293
019370
019388
019421
019461
019531
019583
019603
019628
019681
019729
019752
019792
019845
019876
019921
019969
020023
020070
020089
020129
020206
020254
020292
020337
020390
020420
020461
020505
020559
020609
020629
020668
020721
020774
020794
020837
020916
020936
020961
021001
021078
021098
021129
021168
021222
021253
021292
021337
021423
021460
021504
021544
021597
021628
021669
021715
021769
021796
021836
021877
021959
022010
022045
022084
022137
022185
022213
022252
022305
022355
022376
022420
022473
022505
022545
022590
022644
022694
022714
022752
022804
022837
022877
022920
022973
023004
023045
023088
023142
023188
023212
023252
023304
023357
023377
023421
023495
023544
023564
023584
023637
023669
023713
023753
023805
023837
023877
023924
023979
024004
024045
024084
024137
024188
024212
024252
024305
024336
024377
024424
024479
024504
024545
024589
024643
024669
024712
024752
024805
024859
024878
024921
024994
025044
025064
025084
025137
025169
025212
025252
025305
025337
025377
025420
025475
025505
025544
025585
025658
025709
025729
025752
025805
025837
025877
025924
025979
026029
026049
026084
026137
026188
026212
026253
026329
026348
026377
026420
026474
026505
026544
026585
026668
026713
026763
026793
026858
026877
026921
026965
027020
027044
027084
027129
027181
027213
027256
027293
027359
027377
027421
027465
027519
027568
027587
027628
027680
027713
027753
027793
027845
027891
027921
027961
028013
028045
028091
028129
028193
028213
028253
028293
028345
028377
028421
028460
028513
028564
028584
028628
028681
028712
028752
028793
028879
028921
028960
029004
029057
029109
029128
029169
029246
029264
029293
029337
029418
029438
029461
029505
029558
029609
029630
029668
029722
029753
029792
029837
029891
029920
029960
030004
030057
030086
030128
030169
030221
030253
030292
030337
030390
030421
030460
030504
030558
030610
030630
030669
030745
030795
030836
030876
030930
030980
031004
031044
031098
031129
031168
031212
031266
031319
031339
031376
031430
031461
031505
031550
031604
031629
031670
031712
031780
031800
031837
031877
031960
032011
032045
032085
032138
032190
032213
032253
032306
032337
032376
032421
032474
032505
032545
032591
032645
032669
032712
032753
032806
032838
032877
032921
032974
033005
033044
033084
033137
033169
033213
033253
033307
033338
033377
033421
033474
033505
033544
033584
033637
033669
033713
033753
033806
033837
033876
033920
033974
034025
034046
034085
034138
034169
034213
034253
034331
034349
034377
034421
034497
034518
034545
034584
034638
034669
034713
034760
034815
034865
034886
034920
034973
035005
035045
035084
035137
035169
035213
035253
035305
035337
035377
035421
035475
035505
035545
035585
035637
035669
035713
035753
035806
035859
035880
035921
035995
036014
036045
036084
036138
036170
036213
036252
036305
036337
036376
036420
036473
036523
036545
036585
036660
036709
036729
036753
036806
036837
036876
036921
036973
037005
037045
037091
037145
037169
037213
037259
037314
037364
037384
037421
037473
037505
037545
037585
037637
037669
037713
037753
037835
037878
037921
037966
038020
038045
038084
038129
038183
038234
038254
038293
038345
038377
038421
038461
038534
038585
038629
038669
038754
038793
038837
038889
038944
038963
039005
039045
039098
039149
039169
039213
039265
039293
039337
039377
039430
039480
039505
039545
039597
039629
039669
039713
039799
039837
039877
039921
040003
040023
040045
040085
040137
040169
040213
040253
040324
040344
040377
040421
040473
040505
040545
040589
040643
040669
040713
040753
040805
040837
040876
040920
040973
041005
041045
041085
041137
041189
041213
041253
041306
041359
041379
041421
041495
041545
041585
041629
041681
041734
041754
041792
041845
041877
041921
041970
042024
042045
042085
042129
042181
042234
042254
042292
042345
042377
042421
042469
042523
042570
042590
042629
042702
042749
042769
042793
042844
042877
042924
042961
043012
043045
043085
043129
043213
043264
043293
043337
043413
043433
043461
043505
043587
043629
043669
043713
043769
043798
043837
043877
043929
043960
044005
044045
044097
044129
044169
044213
044299
044349
044377
044421
044497
044517
044545
044585
044638
044669
044713
044753
044824
044843
044877
044921
044999
045018
045045
045085
045137
045169
045213
045253
045305
045337
045377
045425
045479
045505
045545
045585
045637
045689
045713
045753
045825
045844
045877
045921
045999
046018
046045
046085
046137
046169
046213
046253
046323
046343
046377
046421
046473
046505
046545
046591
046645
046669
046713
046753
046824
046844
046877
046921
046973
047005
047045
047085
047137
047169
047213
047253
047305
047337
047377
047421
047492
047512
047545
047585
047637
047691
047713
047753
047826
047858
047877
047921
047972
048024
048045
048085
048137
048189
048213
048253
048305
048337
048377
048421
048473
048505
048547
048585
048661
048679
048713
048753
048805
048837
048877
048921
049007
049045
049085
049134
049188
049237
049257
049293
049345
049377
049421
049461
049512
049545
049585
049629
049713
049753
049793
049837
049891
049923
049961
050005
050058
050085
050129
050169
050221
050254
050293
050337
050390
050421
050461
050505
050559
050585
050629
050669
050721
050753
050793
050837
050888
050921
050961
051005
051057
051085
051129
051169
051221
051253
051293
051339
051393
051421
051461
051505
051592
051629
051670
051713
051765
051814
051837
051877
051954
051999
052018
052045
052097
052129
052170
052213
052284
052302
052337
052379
052433
052461
052505
052545
052628
052647
052669
052713
052765
052814
052837
052877
052929
052979
053005
053045
053097
053149
053169
053213
053289
053307
053337
053377
053458
053503
053523
053545
053598
053629
053669
053713
053765
053793
053837
053877
053929
053979
054005
054045
054098
054129
054169
054213
054266
054293
054337
054377
054429
054461
054505
054545
054597
054629
054669
054713
054764
054793
054837
054877
054929
054968
055005
055047
055116
055138
055169
055213
055265
055293
055337
055377
055429
055461
055505
055545
055597
055629
055669
055713
055766
055795
055837
055877
055930
055980
056005
056045
056097
056129
056170
056213
056285
056333
056353
056377
056429
056461
056505
056545
056620
056638
056669
056713
056765
056794
056837
056877
056930
056961
057005
057045
057097
057129
057170
057213
057284
057303
057337
057377
057458
057504
057523
057545
057598
057629
057676
057713
057778
057798
057837
057877
057930
057961
058005
058045
058098
058149
058169
058213
058291
058309
058337
058377
058455
058503
058523
058545
058597
058629
058674
058713
058765
058794
058837
058877
058955
058973
059005
059045
059097
059129
059169
059213
059267
059293
059337
059377
059460
059479
059505
059545
059597
059629
059671
059713
059765
059793
059837
059877
059958
060006
060045
060085
060137
060189
060213
060253
060330
060348
060377
060421
060474
060505
060545
060585
060638
060669
060713
060753
060805
060837
060877
060921
060975
061005
061045
061085
061137
061169
061213
061253
061305
061337
061377
061421
061475
061505
061545
061591
061645
061671
061713
061753
061833
061852
061877
061921
061973
062005
062045
062085
062137
062189
062213
062253
062330
062348
062377
062421
062503
062521
062545
062585
062665
062684
062713
062753
062805
062837
062877
062921
062975
063005
063045
063085
063159
063209
063229
063253
063305
063337
063377
063423
063478
063505
063545
063585
063637
063669
063713
063753
063825
063860
063878
063921
063990
064008
064045
064085
064137
064169
064213
064253
064330
064379
064421
064461
064513
064545
064585
064629
064708
064727
064753
064793
064870
064920
064940
064961
065013
065045
065085
065129
065199
065218
065253
065293
065346
065393
065421
065461
065513
065545
065585
065630
065683
065729
065753
065793
065865
065885
065921
065964
066016
066045
066085
066129
066199
066248
066267
066293
066343
066390
066421
066461
066546
066585
066629
066669
066724
066773
066793
066837
066888
066921
066961
067005
067089
067129
067169
067213
067266
067317
067337
067377
067453
067482
067505
067545
067596
067629
067669
067713
067766
067813
067837
067877
067928
067974
068005
068045
068096
068147
068169
068213
068264
068293
068337
068377
068430
068461
068505
068549
068601
068629
068669
068713
068767
068817
068837
068877
068928
068961
069005
069045
069097
069129
069169
069213
069266
069293
069337
069377
069458
069509
069545
069585
069637
069689
069713
069753
069806
069838
069877
069921
070005
070053
070085
070129
070181
070213
070253
070299
070353
070377
070421
070461
070513
070545
070585
070629
070683
070713
070753
070793
070845
070877
070921
070968
071022
071045
071085
071129
071214
071253
071293
071337
071392
071444
071464
071505
071558
071609
071629
071669
071721
071753
071793
071839
071893
071936
071961
072005
072057
072085
072129
072175
072230
072279
072299
072337
072389
072439
072461
072505
072584
072635
072669
072713
072766
072819
072838
072877
072930
072980
073005
073045
073124
073175
073213
073253
073335
073357
073377
073421
073503
073554
073585
073629
073682
073734
073753
073793
073846
073899
073921
073961
074034
074054
074085
074129
074182
074213
074253
074293
074375
074394
074421
074461
074514
074546
074585
074629
074683
074734
074754
074793
074846
074895
074921
074961
075014
075064
075085
075129
075182
075234
075254
075293
075346
075399
075421
075461
075514
075545
075585
075629
075683
075713
075753
075793
075845
075877
075921
075961
076013
076045
076085
076129
076186
076213
076253
076293
076345
076378
076421
076468
076523
076545
076585
076629
076684
076733
076754
076793
076846
076877
076921
076961
077039
077059
077085
077129
077181
077213
077253
077296
077350
077377
077421
077461
077516
077564
077585
077629
077705
077723
077753
077793
077845
077877
077921
077961
078014
078060
078085
078129
078181
078213
078253
078293
078345
078377
078421
078461
078527
078574
078594
078629
078701
078751
078770
078793
078845
078877
078921
078961
079014
079045
079085
079129
079181
079234
079254
079293
079370
079420
079439
079461
079514
079559
079585
079629
079682
079729
079753
079793
079870
079918
079938
079961
080014
080059
080085
080129
080182
080229
080253
080293
080346
080395
080421
080461
080514
080545
080585
080630
080684
080729
080753
080793
080865
080883
080921
080965
081019
081065
081085
081129
081182
081213
081253
081293
081345
081377
081421
081461
081531
081551
081586
081629
081682
081713
081753
081793
081845
081877
081921
081961
082014
082045
082085
082129
082181
082213
082253
082293
082345
082377
082421
082465
082519
082545
082585
082629
082681
082734
082754
082793
082870
082919
082939
082961
083014
083063
083085
083129
083209
083260
083293
083337
083412
083459
083479
083505
083558
083604
083629
083669
083745
083763
083793
083837
083889
083939
083961
084005
084083
084101
084129
084169
084221
084253
084293
084337
084390
084421
084461
084505
084557
084585
084629
084669
084720
084753
084793
084837
084890
084938
084961
085005
085056
085103
085129
085169
085232
085253
085293
085337
085389
085428
085461
085505
085556
085585
085629
085669
085719
085753
085793
085837
085897
085947
085965
086005
086048
086085
086129
086169
086219
086253
086293
086337
086389
086441
086461
086505
086545
086586
086632
086669
086735
086783
086801
086837
086893
086942
086961
087005
087056
087085
087129
087170
087217
087253
087293
087337
087378
087422
087461
087505
087557
087607
087629
087669
087719
087754
087793
087837
087894
087943
087961
088005
088055
088085
088130
088177
088230
088268
088293
088338
088418
088464
088505
088545
088595
088630
088671
088713
088788
088805
088837
088877
088961
089005
089045
089085
089137
089187
089213
089254
089332
089348
089377
089421
089500
089518
089546
089585
089636
089669
089713
089753
089807
089853
089877
089922
089999
090017
090045
090085
090172
090218
090253
090293
090344
090392
090421
090461
090512
090546
090588
090629
090704
090721
090753
090793
090845
090878
090922
090961
091021
091049
091085
091130
091212
091257
091293
091337
091388
091434
091461
091505
091556
091603
091629
091669
091720
091754
091799
091837
091888
091921
091961
092006
092074
092091
092129
092169
092247
092291
092310
092337
092387
092422
092466
092506
092579
092598
092629
092669
092720
092771
092793
092837
092890
092921
092961
093006
093089
093129
093169
093213
093269
093296
093337
093378
093458
093508
093545
093585
093636
093670
093713
093753
093803
093837
093878
093923
093975
094005
094047
094085
094136
094183
094213
094253
094304
094352
094377
094421
094500
094548
094585
094629
094680
094713
094754
094798
094851
094877
094921
094966
095019
095045
095085
095129
095182
095213
095253
095294
095376
095419
095437
095461
095512
095546
095589
095629
095699
095744
095762
095793
095857
095899
095921
095961
096012
096058
096085
096129
096200
096247
096266
096293
096344
096392
096421
096461
096512
096562
096585
096630
096726
096769
096793
096838
096918
096960
096978
097005
097071
097087
097130
097174
097227
097270
097297
097337
097388
097422
097465
097506
097579
097624
097642
097669
097720
097764
097798
097837
097879
097922
097967
098005
098073
098091
098130
098172
098225
098265
098297
098337
098388
098421
098461
098506
