000000
000036
000056
000077
000094
000118
000138
000167
000178
000202
000230
000245
000282
000285
000302
000326
000346
000370
000399
000424
000447
000453
000470
000493
000514
000533
000566
000578
000594
000618
000638
000662
000683
000701
000736
000746
000762
000786
000802
000825
000846
000870
000901
000917
000930
000953
000970
000993
001014
001034
001071
001078
001101
001118
001138
001162
001178
001202
001230
001245
001262
001286
001302
001332
001348
001370
001402
001410
001430
001458
001470
001493
001515
001533
001596
001578
001638
001618
001678
001662
001722
001701
001774
001746
001802
001797
001846
001825
001886
001870
001938
001918
001970
001953
002014
001993
002058
002034
002110
002078
002138
002118
002178
002168
002222
002204
002308
002245
002346
002286
002392
002326
002430
002370
002482
002409
002514
002454
002554
002494
002594
002534
002646
002578
002678
002618
002722
002662
002762
002729
002816
002748
002846
002786
002886
002830
002930
002870
002982
002910
003014
002955
003054
002994
003094
003043
003146
003086
003178
003117
003222
003161
003262
003202
003316
003250
003346
003286
003386
003325
003430
003370
003482
003423
003514
003454
003554
003494
003594
003534
003646
003580
003678
003618
003722
003662
003762
003701
003840
003746
003858
003794
003886
003826
003930
003870
003982
003910
004014
003954
004054
004003
004094
004039
004146
004078
004178
004118
004222
004162
004262
004215
004314
004256
004346
004286
004386
004326
004430
004370
004482
004418
004514
004453
004554
004494
004594
004559
004646
004578
004678
004618
004722
004662
004762
004729
004814
004747
004846
004785
004886
004826
004930
004870
004982
004919
005014
004954
005054
004994
005097
005149
005178
005222
005262
005315
005346
005386
005430
005481
005514
005554
005594
005645
005678
005722
005762
005814
005846
005886
005930
005982
006014
006054
006094
006146
006178
006222
006262
006314
006363
006386
006430
006481
006514
006554
006594
006645
006678
006722
006762
006816
006846
006886
006930
006983
007014
007054
007096
007149
007178
007222
007262
007333
007383
007403
007430
007482
007514
007554
007598
007651
007678
007722
007772
007826
007846
007886
007930
007983
008014
008054
008094
008178
008222
008273
008302
008354
008386
008430
008470
008549
008568
008594
008638
008690
008722
008762
008802
008854
008886
008930
008970
009022
009054
009094
009138
009190
009222
009262
009309
009363
009386
009430
009470
009522
009554
009594
009638
009691
009722
009762
009802
009857
009909
009930
009970
010022
010054
010094
010138
010192
010243
010262
010302
010354
010386
010430
010470
010522
010554
010594
010638
010690
010730
010762
010802
010854
010902
010930
010970
011021
011054
011094
011138
011191
011222
011262
011302
011354
011386
011430
011470
011522
011554
011594
011638
011723
011762
011802
011846
011901
011953
011972
012014
012066
012094
012138
012188
012242
012293
012313
012346
012402
012429
012469
012514
012567
012594
012638
012678
012730
012782
012801
012846
012897
012930
012970
013014
013067
013093
013138
013178
013229
013262
013302
013345
013399
013452
013471
013514
013593
013638
013688
013722
013773
013801
013846
013893
013947
013970
014013
014053
014105
014138
014178
014224
014278
014302
014345
014385
014438
014489
014513
014554
014628
014646
014678
014721
014774
014824
014845
014885
014937
014970
015014
015063
015117
015137
015178
015222
015306
015346
015386
015429
015483
015513
015553
015593
015645
015677
015721
015762
015815
015846
015885
015929
015981
016013
016053
016094
016177
016222
016261
016301
016355
016385
016429
016470
016525
016553
016593
016637
016689
016721
016761
016801
016853
016885
016929
016970
017021
017054
017093
017138
017222
017262
017309
017345
017402
017429
017469
017514
017597
017638
017677
017722
017803
017846
017893
017929
018000
018042
018060
018093
018145
018177
018221
018261
018313
018345
018385
018429
018481
018531
018553
018593
018645
018677
018722
018761
018813
018846
018893
018929
018981
019013
019053
019093
019145
019177
019221
019261
019313
019345
019385
019429
019482
019513
019553
019593
019646
019677
019721
019761
019814
019845
019885
019929
019983
020025
020053
020093
020145
020177
020222
020261
020313
020345
020385
020429
020482
020513
020553
020598
020653
020677
020721
020771
020825
020845
020885
020929
020982
021013
021053
021094
021178
021228
021261
021301
021353
021407
021429
021469
021542
021563
021593
021637
021690
021722
021761
021801
021854
021906
021929
021969
022022
022053
022093
022137
022190
022242
022262
022301
022353
022385
022429
022469
022522
022553
022593
022637
022688
022721
022761
022801
022853
022907
022929
022969
023039
023057
023093
023137
023189
023221
023261
023308
023362
023385
023429
023469
023521
023553
023593
023637
023690
023742
023761
023801
023853
023885
023929
023977
024032
024082
024102
024137
024189
024222
024261
024305
024357
024385
024429
024469
024521
024553
024593
024637
024722
024771
024801
024845
024896
024929
024969
025018
025072
025123
025143
025177
025229
025273
025305
025345
025397
025429
025469
025513
025564
025593
025637
025677
025734
025761
025801
025845
025902
025929
025969
026013
026065
026093
026137
026177
026261
026301
026345
026385
026441
026469
026513
026553
026605
026637
026677
026721
026775
026805
026845
026885
026937
026991
027013
027053
027105
027137
027177
027221
027274
027305
027345
027389
027443
027469
027513
027553
027605
027645
027677
027721
027773
027805
027845
027885
027937
027969
028013
028053
028105
028137
028177
028221
028307
028358
028385
028429
028481
028513
028553
028598
028653
028677
028721
028769
028822
028845
028885
028929
028981
029013
029053
029093
029145
029177
029221
029261
029312
029345
029385
029429
029482
029513
029553
029593
029677
029722
029761
029805
029857
029885
029929
029969
030052
030072
030093
030137
030189
030221
030261
030304
030357
030384
030428
030468
030521
030553
030598
030637
030689
030721
030760
030804
030857
030908
030929
030969
031047
031065
031093
031137
031188
031221
031261
031305
031357
031385
031429
031469
031520
031553
031593
031639
031694
031744
031763
031805
031857
031885
031929
031969
032020
032053
032098
032137
032208
032257
032276
032305
032357
032407
032428
032469
032520
032553
032592
032637
032691
032741
032761
032805
032883
032902
032929
032968
033020
033053
033092
033137
033190
033241
033261
033305
033356
033384
033429
033469
033525
033553
033593
033637
033689
033721
033761
033805
033891
033929
033969
034012
034067
034093
034136
034177
034261
034305
034344
034385
034471
034512
034552
034592
034647
034677
034720
034761
034839
034856
034885
034928
034998
035016
035053
035092
035146
035177
035220
035261
035312
035345
035384
035429
035480
035512
035552
035593
035666
035685
035720
035760
035812
035845
035887
035928
035980
036031
036052
036092
036144
036177
036220
036261
036313
036344
036385
036428
036482
036528
036552
036592
036644
036676
036721
036766
036820
036844
036884
036929
036980
037012
037052
037092
037144
037176
037220
037260
037312
037344
037384
037428
037480
037512
037552
037592
037644
037677
037721
037760
037832
037850
037884
037928
037980
038012
038052
038092
038144
038177
038221
038260
038312
038345
038384
038428
038480
038512
038552
038592
038644
038676
038720
038760
038813
038844
038885
038928
038982
039031
039052
039092
039144
039176
039220
039260
039313
039344
039384
039428
039482
039512
039552
039592
039644
039676
039720
039760
039813
039844
039884
039928
039982
040012
040052
040092
040146
040196
040220
040260
040312
040344
040384
040428
040482
040512
040552
040592
040644
040676
040720
040760
040813
040862
040884
040928
040980
041012
041052
041092
041144
041176
041220
041265
041319
041344
041384
041428
041483
041512
041552
041592
041643
041676
041720
041760
041813
041844
041884
041928
041980
042013
042057
042092
042143
042176
042220
042260
042312
042361
042384
042428
042502
042522
042552
042592
042643
042676
042720
042760
042814
042845
042884
042928
042981
043012
043052
043092
043175
043195
043220
043260
043312
043361
043384
043428
043509
043529
043552
043592
043670
043721
043760
043804
043857
043884
043928
043968
044020
044052
044097
044136
044213
044231
044260
044304
044357
044384
044428
044468
044520
044552
044596
044636
044688
044720
044767
044804
044855
044884
044928
044968
045020
045052
045092
045136
045189
045220
045260
045304
045357
045384
045428
045468
045520
045552
045592
045636
045706
045755
045773
045804
045855
045884
045928
045968
046049
046067
046092
046136
046187
046220
046260
046305
046359
046384
046428
046468
046520
046571
046592
046636
046715
046735
046760
046804
046855
046884
046928
046968
047020
047052
047092
047136
047192
047220
047260
047304
047356
047384
047428
047468
047520
047552
047592
047636
047688
047720
047760
047804
047857
047884
047928
047968
048019
048052
048092
048140
048194
048242
048261
048304
048356
048384
048428
048468
048520
048552
048592
048638
048691
048737
048760
048804
048856
048906
048928
048968
049054
049092
049136
049176
049228
049260
049304
049344
049396
049428
049471
049512
049563
049592
049636
049676
049757
049775
049804
049844
049896
049928
049968
050012
050065
050091
050136
050176
050256
050274
050304
050344
050396
050428
050468
050512
050564
050592
050636
050676
050756
050775
050804
050844
050896
050928
050968
051012
051065
051092
051135
051176
051260
051304
051344
051384
051436
051468
051512
051556
051610
051635
051676
051720
051773
051804
051844
051884
051937
051968
052012
052052
052104
052136
052176
052220
052272
052304
052344
052384
052435
052468
052512
052552
052604
052636
052676
052720
052774
052804
052844
052884
052946
052967
053012
053052
053134
053154
053176
053220
053272
053304
053344
053384
053436
053485
053512
053552
053604
053636
053676
053719
053772
053824
053843
053884
053936
053987
054011
054052
054123
054141
054176
054219
054272
054320
054344
054383
054435
054468
054511
054552
054603
054636
054676
054723
054777
054803
054844
054887
054940
054976
055011
055052
055131
055149
055175
055220
055300
055318
055344
055383
055436
055485
055511
055552
055626
055644
055675
055719
055772
055822
055843
055883
055935
055968
056011
056052
056104
056136
056176
056221
056275
056303
056344
056383
056435
056467
056512
056560
056614
056635
056675
056719
056776
056806
056843
056883
056935
056968
057011
057052
057104
057135
057175
057219
057272
057303
057344
057386
057439
057467
057511
057552
057635
057653
057676
057719
057771
057803
057843
057883
057935
057986
058011
058052
058131
058174
058192
058219
058271
058303
058343
058383
058435
058481
058512
058551
058603
058635
058676
058721
058775
058803
058843
058884
058966
058984
059011
059051
059103
059135
059175
059221
059275
059303
059343
059383
059464
059481
059512
059551
059604
059635
059675
059720
059790
059810
059843
059883
059935
059967
060011
060052
060135
060155
060175
060220
060299
060319
060343
060383
060464
060483
060511
060551
060603
060635
060675
060719
060773
060803
060843
060883
060934
060967
061011
061051
061103
061135
061176
061220
061272
061303
061343
061383
061435
061467
061511
061551
061602
061635
061675
061719
061773
061824
061843
061883
061934
061967
062011
062051
062104
062135
062175
062219
062272
062303
062343
062383
062434
062467
062511
062551
062602
062635
062675
062719
062772
062803
062843
062883
062935
062967
063011
063051
063103
063135
063175
063219
063272
063303
063343
063383
063435
063467
063511
063553
063606
063635
063675
063719
063773
063806
063843
063883
063935
063985
064011
064051
064103
064135
064176
064221
064275
064303
064343
064383
064435
064467
064511
064551
064622
064671
064690
064719
064771
064820
064843
064883
064960
064979
065011
065051
065103
065154
065175
065219
065271
065303
065343
065383
065435
065467
065511
065551
065603
065635
065675
065719
065803
065843
065883
065927
066007
066028
066051
066091
066143
066175
066219
066259
066312
066343
066383
066427
066479
066529
066551
066591
066643
066675
066719
066759
066812
066843
066883
066927
066979
067011
067051
067091
067143
067175
067219
067259
067311
067366
067385
067427
067479
067511
067556
067591
067642
067675
067719
067759
067811
067843
067883
067927
067979
068031
068051
068091
068167
068216
068235
068259
068311
068343
068390
068427
068479
068531
068551
068591
068642
068675
068719
068759
068815
068870
068889
068927
069002
069019
069051
069091
069170
069188
069219
069259
069311
069365
069384
069427
069500
069517
069551
069591
069642
069694
069719
069759
069810
069860
069883
069927
069978
070011
070051
070095
070148
070175
070219
070259
070310
070343
070383
070429
070484
070511
070551
070591
070672
070694
070719
070759
070838
070858
070883
070927
070979
071030
071051
071091
071143
071194
071219
071259
071311
071343
071385
071427
071478
071511
071551
071590
071642
071675
071721
071759
071810
071843
071890
071927
071995
072013
072051
072090
072141
072175
072219
072259
072315
072348
072383
072427
072479
072529
072551
072591
072642
072675
072719
072759
072812
072843
072883
072927
072980
073011
073051
073091
073143
073175
073219
073265
073319
073343
073383
073427
073481
073511
073551
073596
073650
073696
073719
073759
073811
073860
073883
073927
073979
074029
074051
074091
074170
074219
074238
074258
074311
074360
074383
074427
074478
074511
074551
074591
074642
074675
074721
074759
074810
074843
074883
074930
074984
075011
075051
075090
075142
075175
075219
075259
075344
075383
075427
075467
075523
075553
075590
075635
075686
075719
075759
075805
075859
075883
075927
075967
076018
076051
076090
076134
076188
076219
076259
076303
076356
076382
076426
076467
076518
076550
076590
076634
076686
076719
076758
076802
076862
076882
076927
076966
077019
077051
077091
077134
077186
077219
077258
077302
077354
077382
077426
077466
077519
077551
077594
077634
077686
077735
077759
077802
077854
077882
077926
077967
078046
078065
078091
078134
078186
078234
078258
078302
078354
078382
078426
078467
078541
078558
078590
078634
078690
078718
078758
078803
078855
078882
078926
078966
079018
079050
079090
079134
079186
079219
079258
079303
079355
079405
079426
079466
079518
079550
079590
079635
079686
079719
079759
079803
079856
079882
079926
079967
080018
080051
080090
080134
080186
080218
080259
080303
080356
080382
080426
080466
080518
080551
080590
080634
080686
080718
080758
080802
080854
080882
080926
080966
081019
081051
081090
081134
081186
081218
081258
081302
081354
081382
081427
081471
081524
081550
081590
081634
081686
081718
081758
081802
081855
081882
081926
081966
082018
082050
082090
082134
082186
082219
082258
082302
082354
082382
082426
082466
082519
082550
082590
082634
082687
082719
082758
082802
082854
082882
082926
082966
083019
083050
083090
083135
083189
083218
083258
083302
083355
083383
083426
083467
083549
083600
083634
083674
083726
083758
083802
083842
083919
083939
083966
084010
084062
084114
084134
084174
084250
084299
084318
084342
084394
084426
084466
084510
084563
084590
084634
084674
084726
084758
084802
084842
084899
084926
084966
085010
085065
085090
085134
085174
085231
085258
085302
085342
085393
085426
085466
085510
085562
085590
085634
085674
085726
085758
085802
085842
085894
085926
085966
086010
086062
086090
086134
086174
086255
086274
086302
086342
086420
086438
086466
086510
086589
086607
086634
086674
086726
086758
086802
086842
086894
086926
086966
087011
087065
087115
087134
087174
087226
087258
087302
087342
087394
087426
087466
087510
087594
087634
087674
087718
087771
087802
087842
087882
087934
087966
088010
088050
088135
088174
088221
088258
088327
088347
088382
088426
088478
088510
088550
088590
088642
088674
088718
088764
088823
088842
088882
088926
088978
089010
089050
089090
089143
089174
089218
089258
089311
089342
089382
089426
089479
089530
089550
089590
089643
089686
089718
089758
089811
089842
089882
089926
089978
090010
090050
090090
